8
82
64
88
81
35
48
83
23
41
43
84
90
91
58
97
85
10
33
54
80
87
32
90
55
17
6
96
99
84
98
73
31
28
60
79
63
75
61
86
15
70
35
4
26
93
68
11
69
0
65
48
53
63
3
8
46
77
3
10
60
67
83
57
95
42
35
57
16
62
8
98
31
44
2
24
2
36
1
72
2
32
86
56
61
90
64
6
66
33
16
92
100
65
14
95
6
50
17
90
11
26
87
9
36
55
100
38
91
0
76
94
32
62
15
59
17
79
65
49
78
47
6
77
11
20
37
84
36
21
73
14
47
60
23
49
14
89
87
72
89
29
65
87
57
46
45
74
91
76
89
68
89
61
10
100
47
14
83
84
35
22
98
48
82
87
97
62
75
49
33
29
78
64
15
34
9
26
74
100
1
28
33
90
89
44
55
36
58
3
86
59
25
49
6
73
1
2
35
42
51
68
71
96
32
52
29
41
78
3
7
45
31
40
34
87
84
55
89
7
58
40
66
50
89
38
22
56
40
57
98
58
92
68
53
23
19
48
30
63
17
3
7
15
44
7
1
94
62
56
68
19
96
33
35
84
72
58
39
78
81
2
1
72
70
20
61
55
69
58
17
52
61
24
67
4
31
68
65
93
23
32
78
85
31
13
68
69
37
73
47
17
41
14
90
10
1
50
65
36
7
48
88
35
72
55
39
69
89
70
27
79
1
5
63
33
85
98
1
21
36
14
38
78
29
94
88
97
10
19
32
84
67
19
18
5
40
24
74
29
94
1
74
96
73
36
28
23
33
96
44
36
10
48
13
5
42
67
1
52
52
100
35
86
18
54
91
59
44
30
54
37
98
27
32
36
63
26
59
63
22
2
65
99
51
78
70
59
10
37
10
63
36
11
48
20
31
4
79
75
34
99
12
99
92
10
34
21
37
94
84
25
62
48
90
79
92
59
37
1
96
47
30
98
25
78
17
56
48
63
31
49
61
9
47
53
19
47
40
56
6
23
47
69
37
36
47
95
61
51
62
22
98
93
19
89
36
37
45
85
66
42
33
26
51
46
45
70
93
85
93
100
74
39
34
77
42
47
37
69
98
100
92
96
92
77
84
94
80
95
78
45
36
10
72
87
56
83
57
15
34
15
14
74
54
14
51
62
61
54
31
59
53
89
20
10
65
70
4
45
65
82
90
0
59
27
54
81
77
77
62
10
92
76
50
45
56
67
74
17
21
71
76
74
59
96
51
90
65
55
0
96
2
91
97
27
84
16
8
60
93
70
36
84
12
87
95
68
19
68
85
40
4
26
81
63
21
31
19
53
52
19
48
54
9
10
82
60
26
56
86
18
25
89
1
3
41
63
38
60
30
89
0
1
15
81
64
2
78
49
55
29
69
3
83
44
13
30
3
6
86
56
24
78
44
93
47
85
55
85
10
51
74
77
18
55
57
83
57
0
98
12
29
66
82
79
10
61
8
80
67
95
35
58
38
45
16
85
96
37
36
6
54
9
83
73
30
6
21
87
6
18
65
2
85
12
81
61
74
89
6
6
49
8
30
87
53
46
38
15
49
74
21
3
83
70
42
79
42
63
65
49
47
97
51
98
8
98
58
48
86
31
21
35
39
51
88
58
64
25
73
79
99
94
82
47
30
23
25
72
52
57
87
100
19
3
97
27
0
21
42
87
52
29
88
57
46
75
14
76
67
88
55
65
47
36
79
43
26
3
15
44
26
68
43
45
72
6
39
38
94
47
91
11
76
78
68
21
19
48
98
86
35
52
16
49
54
95
92
46
65
73
91
91
41
33
36
79
5
75
16
99
21
7
9
97
51
43
84
70
92
47
21
93
65
38
41
19
99
33
65
63
72
55
54
12
55
90
91
60
30
74
25
51
81
34
13
31
44
63
68
35
10
89
27
75
26
69
60
25
68
25
54
39
46
7
18
67
97
8
27
93
48
52
43
28
52
22
26
96
52
94
97
62
82
24
2
75
59
63
66
93
54
19
31
100
94
49
67
56
24
60
49
72
78
58
67
96
47
59
92
99
52
54
60
100
78
62
40
2
91
72
95
44
92
93
44
51
41
77
6
31
36
55
70
80
80
2
75
26
61
32
24
12
87
50
78
30
78
18
33
69
90
94
12
47
86
22
98
94
65
4
24
67
25
60
46
4
62
21
97
22
19
20
0
5
36
79
2
14
97
1
83
86
95
61
100
81
50
97
74
14
67
64
82
59
24
94
29
52
81
26
75
0
12
75
72
49
53
74
63
15
75
11
68
36
72
67
16
21
63
56
2
97
86
50
55
76
43
84
28
24
9
2